-20.58466188570978
-15.762915707765961
-17.146259124977444
-14.831949886396883
-13.481023896382181
-32.13354498501859
-1.4731988646332987
11.920847186058563
-1.3075612397066136
6.081202567791054
3.5578775851308704
6.7339722194165965
8.2960452561157
9.022781963274241
12.525596473701206
12.319250120302096
16.2106802988735
16.302546613419214
19.529792468009436
20.631375030597145
22.76615533970246
24.972304890252776
26.182311120565327
29.089401660178574
29.920307979670635
32.90539558030031
33.96366421745177
36.498733270222274
38.16996923824782
40.039900112403814
42.3524051638084
43.69906058560095
46.3694028240244
47.56760326662436
50.182068955255616
51.62628522667461
53.85743019363153
55.768680917999795
57.5222611358126
59.86269546349574
61.29443325974632
63.81713988529072
65.22646270203752
67.62131452096837
69.28679393595989
71.34143767583042
73.38398158416888
75.07990135051911
77.41787477492934
78.9207067296471
81.33027715923525
82.88908077172114
85.1302095748652
86.94394478855688
88.88345880694177
91.0041941525722
92.67456369295132
94.99293875755292
96.56242647122004
98.87614544755874
100.5523066995009
102.67668038073789
104.59708241249038
106.45846199640677
108.62504012808303
110.29085192847812
112.57826728582157
114.21270535155446
116.44142161230852
